0.000000e+00 3.009119e-01 2.639854e-01 3.557377e-01 3.066294e-01 4.252808e-01 
3.009119e-01 0.000000e+00 2.325645e-01 3.865349e-01 3.280806e-01 3.673552e-01 
2.639854e-01 2.325645e-01 0.000000e+00 3.541319e-01 2.472662e-01 3.637549e-01 
3.557377e-01 3.865349e-01 3.541319e-01 0.000000e+00 3.260466e-01 4.278929e-01 
3.066294e-01 3.280806e-01 2.472662e-01 3.260466e-01 0.000000e+00 3.864396e-01 
4.252808e-01 3.673552e-01 3.637549e-01 4.278929e-01 3.864396e-01 0.000000e+00 
